7
19
1 基础住宅区 1 400 20 0 0 0 0 0 -20 0 0 10
#2 室外公园 2 250 0 0 0 0 0 0 -5 0 0 6
#3 商业中心 3 600 40 0 0 0 0 0 -15 0 0 16
#4 娱乐中心 4 600 40 0 0 0 0 0 -15 0 0 16
5 水培农场 5 400 0 0 0 0 -40 100 -10 0 0 10
6 淡水合成厂 6 400 30 0 0 0 100 0 -20 0 0 10
7 氧气合成堆 7 400 30 0 0 100 0 0 -20 0 0 10
#8 矿物开采站 8 300 0 0 0 0 0 0 -40 0 150 10
9 火力发电厂 9 300 0 0 0 0 0 0 200 -50 0 10
10 太阳能电池板 10 100 150 0 0 0 0 0 100 0 0 10
#11 燃料合成堆 11 300 30 0 0 0 0 -100 20 0 0 10
#12 火箭发射台 12 300 50 0 0 0 0 0 0 0 0 24
#13 基础材料厂 13 400 30 75 0 0 0 0 0 0 -125 12
#14 食物合成堆 14 300 30 0 0 0 0 75 -50 0 0 12
#15 火星之眼 15 1000 100 0 0 0 0 0 0 0 0 48
#16 综合性工厂 16 1000 100 100 0 100 100 0 -50 0 -150 60
#17 未来式公园 17 500 200 0 0 0 0 0 0 0 0 60
#18 火星之傲 18 5000 500 0 0 0 0 0 0 0 0 120
19 科研机构 19 500 50 0 0 0 0 0 -30 0 0 15
#20 火星基地 19 0 0 0 0 0 0 0 -20 0 0 0
#21 机器人中枢 20 0 0 0 0 0 0 0 -100 0 0 0
#22 自动化仓库 21 0 0 0 0 0 0 0 -30 0 0 0
###$
id 名字 path nano rarematerial nano rarematerial oxygen water food energy fuel mineral bui_time