19
19
1 基础住宅区 1 320 20 0 0 0 0 0 -20 0 0 6
2 室外公园 2 200 0 0 0 0 0 0 -5 0 0 3
3 商业中心 3 480 40 0 0 0 0 0 -15 0 0 10
4 娱乐中心 4 480 40 0 0 0 0 0 -15 0 0 10
5 水培农场 5 320 0 0 0 0 -40 250 -10 0 0 6
6 淡水合成厂 6 320 30 0 0 0 250 0 -20 0 0 6
7 氧气合成堆 7 320 30 0 0 250 0 0 -140 0 0 6
8 矿物开采站 8 240 0 0 0 0 0 0 10 0 270 6
9 火力发电厂 9 240 0 0 0 0 0 0 350 -170 0 6
10 太阳能电池板 10 80 150 0 0 0 0 0 250 0 0 6
11 燃料合成堆 11 240 30 0 0 0 0 -100 -100 150 0 6
#12 火箭发射台 12 240 50 0 0 0 0 0 0 0 0 15
13 基础材料厂 13 320 30 225 0 0 0 0 0 0 -245 7
14 食物合成堆 14 240 30 0 0 0 0 225 -170 0 0 7
15 火星之眼 15 800 100 0 0 0 0 0 0 0 0 32
16 综合性工厂 16 800 100 250 0 250 250 0 -170 0 -270 40
17 未来式公园 17 400 200 0 0 0 0 0 0 0 0 40
18 火星之傲 18 4000 500 0 0 0 0 0 0 0 0 82
19 科研机构 19 400 50 0 0 0 0 0 -30 0 0 10
#20 火星基地 19 0 0 0 0 0 0 0 -20 0 0 0
#21 机器人中枢 20 0 0 0 0 0 0 0 -100 0 0 0
#22 自动化仓库 21 0 0 0 0 0 0 0 -30 0 0 0
###$
id 名字 path nano rarematerial nano rarematerial oxygen water food energy fuel mineral bui_time