15
19
1 基础住宅区 1 200 0 0 0 0 0 0 -20 0 0 7
#2 室外公园 2 100 0 0 0 0 0 0 -5 0 0 5
3 商业中心 3 500 30 0 0 0 0 0 -10 0 0 15
4 娱乐中心 4 400 30 0 0 0 0 0 -10 0 0 15
5 水培农场 5 200 0 0 0 0 -20 50 -5 0 0 7
6 淡水合成厂 6 200 30 0 0 0 50 0 -5 0 0 7
7 氧气合成堆 7 200 30 0 0 50 0 0 -5 0 0 7
8 矿物开采站 8 200 0 0 0 0 0 0 -20 0 100 7
9 火力发电厂 9 200 0 0 0 0 0 0 100 -25 0 7
10 太阳能电池板 10 50 50 0 0 0 0 0 200 0 0 7
11 燃料合成堆 11 200 0 0 0 0 0 -100 20 0 0 7
#12 火箭发射台 12 300 50 0 0 0 0 0 0 0 0 23
13 基础材料厂 13 200 30 50 0 0 0 0 0 0 -75 11
14 食物合成堆 14 170 0 25 0 0 0 0 -10 0 0 11
#15 火星之眼 15 1000 100 0 0 0 0 0 0 0 0 47
16 综合性工厂 16 1000 100 50 50 50 0 0 -50 50 -50 59
#17 未来式公园 17 500 200 0 0 0 0 0 0 0 0 59
#18 火星之傲 18 5000 1000 0 0 0 0 0 0 0 0 119
19 科研机构 19 400 50 0 0 0 0 0 -30 0 0 15
#20 火星基地 19 0 0 0 0 0 0 0 -20 0 0 0
#21 机器人中枢 20 0 0 0 0 0 0 0 -100 0 0 0
#22 自动化仓库 21 0 0 0 0 0 0 0 -30 0 0 0
###$
id 名字 path nano rarematerial nano rarematerial oxygen water food energy fuel mineral bui_time