15
19
1 基础住宅区 1 170 0 0 0 0 0 0 -20 0 0 4
#2 室外公园 2 70 0 0 0 0 0 0 -5 0 0 3
3 商业中心 3 470 30 0 0 0 0 0 -10 0 0 12
4 娱乐中心 4 370 30 0 0 0 0 0 -10 0 0 12
5 水培农场 5 170 0 0 0 0 -20 50 -5 0 0 4
6 淡水合成厂 6 170 30 0 0 0 50 0 -5 0 0 4
7 氧气合成堆 7 170 30 0 0 50 0 0 -5 0 0 4
8 矿物开采站 8 170 0 0 0 0 0 0 -20 0 100 4
9 火力发电厂 9 170 0 0 0 0 0 0 100 -25 0 4
10 太阳能电池板 10 20 50 0 0 0 0 0 200 0 0 4
11 燃料合成堆 11 170 0 0 0 0 0 -100 20 0 0 4
#12 火箭发射台 12 270 50 0 0 0 0 0 0 0 0 19
13 基础材料厂 13 170 30 50 0 0 0 0 0 0 -75 8
14 食物合成堆 14 140 0 25 0 0 0 0 -10 0 0 8
#15 火星之眼 15 970 100 0 0 0 0 0 0 0 0 41
16 综合性工厂 16 970 100 50 50 50 0 0 -50 50 -50 51
#17 未来式公园 17 470 200 0 0 0 0 0 0 0 0 51
#18 火星之傲 18 4970 1000 0 0 0 0 0 0 0 0 105
19 科研机构 19 400 50 0 0 0 0 0 -30 0 0 14
#20 火星基地 19 0 0 0 0 0 0 0 -20 0 0 0
#21 机器人中枢 20 0 0 0 0 0 0 0 -100 0 0 0
#22 自动化仓库 21 0 0 0 0 0 0 0 -30 0 0 0
###$
id 名字 path nano rarematerial nano rarematerial oxygen water food energy fuel mineral bui_time